300
542 636
314 1357
521 1579
598 2261
544 2803
647 3179
637 3566
660 4213
254 5063
685 5915
585 6821
202 7447
980 8401
678 8940
389 9384
601 9641
386 10519
771 10799
722 11337
998 11640
539 12309
843 12986
389 13767
830 14403
556 15109
518 16040
739 16837
216 17822
763 18373
371 18777
635 19716
657 20654
627 21561
443 22302
803 23115
298 23885
995 24563
810 24995
483 25696
652 26533
755 26880
806 27273
839 27553
213 28333
523 29263
829 30130
725 30940
881 31762
992 32018
485 32502
424 33293
911 33985
475 34685
455 35153
498 35567
366 36104
524 37045
810 37503
822 37708
395 38361
705 38970
673 39244
742 39614
704 40096
625 40741
379 41494
424 42396
396 43037
711 43282
584 43676
380 44354
260 45188
930 45746
532 46120
966 46416
320 47274
371 47497
647 47709
265 48031
752 48407
253 48746
434 49689
655 50125
426 50815
408 51650
704 52570
370 53364
558 53946
693 54375
922 54788
209 55142
639 56087
213 57069
762 57491
950 57954
266 58690
878 59169
434 59685
906 60403
774 61296
442 61704
509 62159
748 62972
966 63775
587 64118
804 65065
418 65303
925 65629
997 66605
966 66875
244 67600
282 67890
758 68875
477 69443
504 70315
473 70737
984 71220
583 71824
332 72278
744 72593
923 73036
421 73292
787 73665
331 74040
957 74861
453 75469
710 76290
267 76568
915 76801
915 77403
304 77692
451 78317
345 79173
634 79432
813 79846
765 80063
647 80520
728 80858
787 81640
519 81910
554 82543
597 82814
321 83158
610 83723
301 84531
824 84766
909 85684
305 86304
430 86676
847 87220
609 87868
433 88343
483 88729
627 89332
205 90012
950 90373
993 91321
743 91663
487 92334
459 92948
589 93515
938 93907
980 94829
481 95391
347 95936
403 96594
413 97161
919 97731
711 98534
275 98755
336 99204
357 99667
720 100649
632 100893
523 101412
568 101893
254 102723
473 103465
707 104285
316 104721
881 105649
272 106338
806 107075
995 107503
286 107860
626 108708
543 109589
667 109917
375 110855
808 111743
216 111990
992 112411
854 113359
700 113902
318 114143
390 114634
572 115322
820 115761
376 116211
971 116552
588 117137
845 117493
668 117933
932 118899
369 119390
878 119597
981 120148
792 121055
882 121524
608 121825
855 122303
917 123044
676 123247
535 123971
260 124387
930 125078
679 125809
995 126414
898 127067
426 127448
348 128088
471 128473
605 128732
994 129233
799 129904
367 130495
793 131123
922 131556
478 132324
512 132714
305 133048
750 133472
993 134393
385 135088
995 136059
247 136586
722 136868
270 137512
930 137913
738 138805
564 139665
713 140241
590 141181
772 141707
457 142472
392 143388
521 144255
829 144650
453 145402
785 146292
211 146659
704 147220
345 147758
868 148523
480 148992
227 149721
389 150555
409 151285
582 151628
824 152596
542 153077
934 153825
203 154680
706 155459
879 156105
304 156686
445 157240
569 157550
613 158153
530 159117
235 159974
240 160480
837 160872
893 161514
239 162306
890 163049
713 163405
570 164303
914 164591
459 165552
970 166013
409 166339
743 167156
395 167749
283 168605
528 168963
416 169461
432 170362
372 170891
640 171511
825 171761
857 171991
671 172572
747 173457
368 173756
631 174654
530 175431
918 176371
524 176876
740 177394
0 63 176 144 151 138 141 175 87 125 173 126 81 87 64 151 97 113 84 76 176 142 99 79 0 173 137 143 0 108 179 63 123 82 66 65 142 93 78 141 64 171 76 76 101 74 125 145 170 142 167 175 108 176 120 102 120 113 93 145 63 158 79 84 84 131 83 179 150 78 91 79 143 108 66 143 151 94 151 99 64 62 151 133 79 126 132 88 142 63 133 100 113 117 173 173 63 141 136 158 155 77 117 61 142 80 89 137 136 158 117 173 171 126 164 78 143 99 151 82 136 82 151 159 108 65 82 101 167 96 145 76 143 74 77 108 142 171 91 143 103 94 126 66 145 179 131 150 133 102 113 74 65 78 77 117 143 66 91 76 132 93 74 145 136 136 141 74 100 94 83 81 164 143 132 131 83 97 91 155 136 82 91 175 63 110 170 80 150 63 173 110 173 77 174 158 83 81 143 147 151 160 94 84 93 94 131 147 78 159 108 137 167 78 125 105 83 142 0 81 142 133 145 131 126 77 145 147 102 132 175 131 132 83 81 104 126 150 171 81 100 108 143 78 142 167 170 118 150 147 138 64 82 137 151 137 122 68 138 176 118 89 174 102 176 81 131 173 103 142 81 81 102 82 167 97 88 82 78 80 136 174 66 99 155 65 84 94 151 68 81 171 134 128 170 123 103 120 173 164
63 0 62 176 156 118 128 62 178 95 119 86 140 178 93 159 159 68 95 144 71 159 123 76 63 119 90 140 63 176 121 0 67 170 90 151 94 173 145 128 93 118 144 144 130 119 95 139 107 159 80 62 176 62 130 141 130 68 173 139 0 90 76 95 95 86 155 121 77 95 73 76 177 176 90 140 118 174 156 129 93 167 159 169 76 86 91 108 159 0 169 170 68 162 119 119 0 77 126 90 153 97 157 90 94 123 96 159 126 90 157 136 150 86 83 95 142 129 118 85 90 85 118 166 135 151 170 130 80 108 139 144 140 119 97 176 94 89 73 140 157 174 86 90 139 121 86 77 169 127 68 119 151 145 96 157 177 90 73 144 91 173 119 139 90 126 128 119 170 174 155 140 83 140 91 124 155 159 73 153 126 85 73 62 0 129 107 123 77 0 119 129 119 97 112 90 155 140 142 86 156 137 174 95 173 174 86 167 145 166 176 90 80 145 95 171 155 159 63 140 94 169 139 86 86 97 139 167 127 91 62 124 91 155 140 149 86 77 89 174 170 176 177 145 94 80 107 70 77 86 118 93 170 90 156 159 110 76 118 62 70 96 112 127 71 160 124 136 157 94 160 160 141 85 80 159 108 170 145 123 90 112 90 129 153 151 95 174 159 76 160 89 89 84 107 67 157 130 136 83
176 62 0 141 64 120 73 161 174 112 140 132 148 174 88 128 116 100 175 154 179 170 98 109 176 140 124 139 176 103 62 62 97 139 155 66 86 156 73 73 88 74 154 154 105 130 112 122 125 170 127 161 103 0 127 108 127 100 156 122 62 133 109 175 175 158 114 62 107 118 115 109 84 103 155 139 67 88 64 126 88 65 128 92 109 132 159 165 170 62 92 140 100 93 140 140 62 138 120 133 76 72 137 124 86 73 109 115 120 133 137 177 107 132 61 118 112 126 67 160 179 160 67 177 136 66 139 105 127 66 122 154 139 130 72 103 86 105 115 139 130 88 132 155 122 62 158 107 92 81 100 130 66 73 167 137 84 155 115 154 159 156 130 122 179 120 73 130 140 88 114 148 61 139 159 72 114 116 115 76 120 160 115 161 62 167 125 73 107 62 140 167 140 72 177 133 114 148 112 63 64 116 88 175 156 88 158 85 73 177 103 124 127 73 112 111 114 170 176 148 86 92 122 158 132 72 122 85 81 159 161 72 159 114 148 123 132 107 105 93 140 103 84 73 86 127 125 141 107 63 120 88 139 124 64 115 88 60 120 0 141 109 177 81 179 119 72 177 130 86 119 119 108 160 127 116 165 139 73 73 179 177 155 126 76 66 175 88 128 60 119 105 120 64 125 97 130 127 177 61
144 176 141 0 90 172 146 91 71 91 115 168 69 71 166 82 95 169 157 60 128 178 113 160 144 115 90 102 144 151 177 176 65 107 67 98 139 86 130 146 166 174 60 60 155 113 91 116 152 178 100 91 151 141 140 159 140 169 86 116 176 145 160 157 157 112 131 177 149 165 108 160 171 151 67 102 133 64 90 176 166 138 82 86 160 168 141 72 178 176 86 104 169 89 115 115 176 97 163 145 77 100 135 154 139 97 114 160 163 145 135 102 171 168 98 165 63 176 133 149 129 149 133 132 140 98 107 155 100 68 116 60 102 113 100 151 139 64 108 102 112 64 168 67 116 177 112 149 86 95 169 113 98 130 125 135 171 67 108 60 141 86 113 116 129 163 146 113 104 64 131 69 98 102 141 117 131 95 108 77 163 149 108 91 176 64 152 97 149 176 115 64 115 100 67 145 131 69 63 128 90 72 64 157 86 64 112 153 130 132 151 90 100 130 91 65 131 178 144 69 139 86 116 112 168 100 116 153 95 141 91 117 141 131 69 102 168 149 64 151 104 151 171 130 139 100 152 124 149 128 172 166 107 90 90 160 116 61 172 141 124 114 67 95 128 170 117 102 112 139 170 170 159 149 100 95 72 107 130 97 129 67 67 176 77 98 157 64 82 61 170 64 175 160 152 65 112 140 102 98
151 156 64 90 0 111 137 95 154 101 66 111 102 154 83 89 86 90 110 88 94 85 94 119 151 66 137 61 151 173 151 156 65 177 147 95 155 107 106 137 83 105 88 88 145 92 101 64 86 85 71 95 173 64 141 90 141 90 107 64 156 67 119 110 110 124 145 151 150 119 162 119 99 173 147 61 163 120 0 134 83 147 89 143 119 111 133 145 85 156 143 85 90 102 66 66 156 90 149 67 159 72 116 163 155 118 121 118 149 67 116 71 111 111 113 119 134 134 163 81 73 81 163 117 60 95 177 145 71 95 64 88 61 92 72 173 155 165 162 61 68 120 111 147 64 151 124 150 143 142 90 92 95 106 77 116 99 147 162 88 133 107 92 64 73 149 137 92 85 120 145 102 113 61 133 81 145 86 162 159 149 81 162 95 156 119 86 118 150 156 66 119 66 72 119 67 145 102 134 179 0 69 120 110 107 120 124 127 106 117 173 137 71 106 101 175 145 85 151 102 155 143 64 124 111 72 64 127 142 133 95 81 133 145 102 76 111 150 165 136 85 173 99 106 155 71 86 172 150 179 111 83 177 137 0 118 73 113 111 64 172 121 119 142 94 152 81 71 68 155 152 152 90 81 71 86 145 177 106 118 73 119 147 134 159 95 110 120 89 113 152 165 80 101 86 65 68 141 71 113
138 118 120 172 111 0 132 146 125 139 108 104 108 125 85 136 84 106 116 177 162 91 99 106 138 108 151 160 138 76 164 118 172 122 88 170 97 147 107 132 85 104 177 177 91 117 139 157 94 91 152 146 76 120 151 120 151 106 147 157 118 161 106 116 116 83 147 164 77 97 63 106 158 76 88 160 168 173 111 117 85 114 136 120 106 104 166 162 91 118 120 143 106 90 108 108 118 142 122 161 130 88 93 160 97 166 92 62 122 161 93 88 91 104 142 97 151 117 168 169 146 169 168 130 93 170 122 91 152 118 157 177 160 117 88 76 97 170 63 160 153 173 104 88 157 164 83 77 120 83 106 117 170 107 133 93 158 88 63 177 166 147 117 157 146 122 132 117 143 173 147 108 142 160 166 66 147 84 63 130 122 169 63 146 118 134 94 166 77 118 108 134 108 88 101 161 147 108 151 91 111 100 173 116 147 173 83 133 107 130 76 151 152 107 139 104 147 91 138 108 97 120 157 83 104 88 157 133 83 166 146 66 166 147 108 156 104 77 170 149 143 76 158 107 97 152 94 101 77 91 0 85 122 151 111 62 148 153 0 120 101 92 101 83 162 149 66 88 153 97 149 149 120 169 152 84 162 122 107 166 146 101 88 117 130 170 116 173 136 153 149 170 115 84 94 172 153 151 88 142
141 128 73 146 137 132 0 141 179 165 158 74 76 179 92 86 119 170 67 64 60 98 174 157 141 158 113 153 141 106 108 128 128 109 152 174 162 121 127 0 92 140 64 64 113 72 165 74 73 98 91 141 106 73 128 167 128 170 121 74 128 71 157 67 67 123 166 108 130 135 148 157 124 106 152 153 163 144 137 94 92 100 86 116 157 74 61 62 98 128 116 144 170 83 158 158 128 83 73 71 140 70 62 78 162 96 164 66 73 71 62 155 121 74 80 135 86 94 163 79 136 79 163 87 124 174 109 113 91 136 74 64 153 72 70 106 162 73 148 153 162 144 74 152 74 108 123 130 116 123 170 72 174 127 173 62 124 152 148 64 61 121 72 74 136 73 0 72 144 144 166 76 80 153 61 64 166 119 148 140 73 79 148 141 128 168 73 96 130 128 158 168 158 70 99 71 166 76 86 111 137 66 144 67 121 144 123 105 127 87 106 113 91 127 165 104 166 98 141 76 162 116 74 123 74 70 74 105 123 61 141 64 61 166 76 69 74 130 73 119 144 106 124 127 162 91 73 119 130 111 132 92 109 113 137 66 177 77 132 73 119 164 99 123 60 167 64 155 162 162 167 167 167 79 91 119 62 109 127 96 136 99 152 94 140 174 67 144 86 77 167 73 130 116 73 128 162 128 155 80
175 62 161 91 95 146 141 0 134 64 66 101 110 134 78 170 149 63 89 69 78 167 113 83 175 66 101 160 175 123 97 62 115 145 82 110 98 107 172 141 78 170 69 69 110 76 64 115 105 167 149 0 123 161 154 166 154 63 107 115 62 150 83 89 89 164 108 97 94 162 92 83 72 123 82 160 165 66 95 131 78 166 170 75 83 101 168 68 167 62 75 96 63 68 66 66 62 160 159 150 133 69 178 154 98 113 70 80 159 150 178 122 129 101 91 162 126 131 165 179 95 179 165 115 63 110 145 110 149 99 115 69 160 76 69 123 98 133 92 160 123 66 101 82 115 97 164 94 75 139 63 76 110 172 161 178 72 82 92 69 168 107 76 115 95 159 141 76 96 66 108 110 91 160 168 108 108 149 92 133 159 179 92 0 62 91 105 113 94 62 66 91 66 69 149 150 108 110 126 133 95 117 66 89 107 66 164 149 172 115 123 101 149 172 64 84 108 167 175 110 98 75 115 164 101 69 115 149 139 168 0 108 168 108 110 82 101 94 133 131 96 123 72 172 98 149 105 177 94 133 146 78 145 101 95 80 97 73 146 161 177 70 149 139 78 152 108 122 123 98 152 152 166 179 149 149 68 145 172 113 95 149 82 131 133 110 89 66 170 73 152 133 161 175 105 115 123 154 122 91
87 178 174 71 154 125 179 134 0 116 118 174 122 0 176 79 99 101 93 140 135 117 137 102 87 118 148 105 87 123 141 178 152 137 66 92 130 71 102 179 176 84 140 140 77 61 116 160 143 117 82 134 123 174 155 163 155 101 71 160 178 89 102 93 93 119 105 141 165 82 84 102 90 123 66 105 144 103 154 135 176 154 79 64 102 174 112 126 117 178 64 175 101 157 118 118 178 170 146 89 93 168 101 115 130 140 73 95 146 89 101 109 79 174 138 82 175 135 144 97 165 97 144 70 149 92 137 77 82 144 160 140 105 61 168 123 130 139 84 105 162 103 174 66 160 141 119 165 64 122 101 61 92 102 175 101 90 66 84 140 112 71 61 160 165 146 179 61 175 103 105 122 138 105 112 117 105 99 84 93 146 97 84 134 178 121 143 140 165 178 118 121 118 168 160 89 105 122 175 160 154 143 103 93 71 103 119 170 102 70 123 148 82 102 116 65 105 117 87 122 130 64 160 119 174 168 160 170 122 112 134 117 112 105 122 70 174 165 139 140 175 123 90 102 130 82 143 80 165 160 125 176 137 148 154 95 101 154 125 174 80 73 160 122 135 110 117 109 162 130 110 110 163 97 82 99 126 137 102 140 165 160 66 135 93 92 93 103 79 154 110 139 166 141 143 152 162 155 109 138
125 95 112 91 101 139 165 64 116 0 158 73 154 116 89 94 115 106 109 145 62 161 66 119 125 158 72 130 125 110 123 95 77 102 64 149 164 75 89 165 89 149 145 145 153 117 0 90 91 161 104 64 110 112 116 167 116 106 75 90 95 176 119 109 109 90 174 123 172 167 109 119 78 110 64 130 74 172 101 133 89 158 94 163 119 73 86 121 161 95 163 168 106 100 158 158 95 77 115 176 140 169 73 92 164 101 148 64 115 176 73 113 64 73 155 167 164 133 74 167 168 167 74 156 123 149 102 153 104 179 90 145 130 117 169 110 164 132 109 130 108 172 73 64 90 123 90 172 163 152 106 117 149 89 132 73 78 64 109 145 86 75 117 90 168 115 165 117 168 172 174 154 155 130 86 158 174 115 109 140 115 167 109 64 95 74 91 101 172 95 158 74 158 169 131 176 174 154 164 132 101 166 172 109 75 172 90 124 89 156 110 72 104 89 0 89 174 161 125 154 164 163 90 90 73 169 90 124 152 86 64 158 86 174 154 173 73 172 132 98 168 110 78 89 164 104 91 96 172 132 139 89 102 72 101 64 82 97 139 112 96 148 131 152 62 118 158 113 108 164 118 118 167 167 104 115 121 102 89 101 168 131 64 133 140 149 109 172 94 97 118 132 99 87 91 77 108 116 113 155
173 119 140 115 66 108 158 66 118 158 0 125 136 118 173 79 128 102 64 168 104 101 166 105 173 0 166 128 173 63 90 119 65 177 131 77 174 155 169 158 173 62 168 168 124 94 158 81 95 101 100 66 63 140 152 112 152 102 155 81 119 114 105 64 64 111 72 90 116 119 82 105 83 63 131 128 110 86 66 140 173 83 79 124 105 125 71 67 101 119 124 165 102 89 0 0 119 132 158 114 60 162 166 120 174 105 140 128 158 114 166 123 80 125 71 119 109 140 110 107 179 107 110 103 145 77 177 124 100 76 81 168 128 94 162 63 174 109 82 128 164 86 125 131 81 90 111 116 124 61 102 94 77 169 163 166 83 131 82 168 71 155 94 81 179 158 158 94 165 86 72 136 71 128 71 144 72 128 82 60 158 107 82 66 119 179 95 105 116 119 0 179 0 162 145 114 72 136 109 125 66 123 86 64 155 86 111 145 169 103 63 166 100 169 158 129 72 101 173 136 174 124 81 111 125 162 81 145 61 71 66 144 71 72 136 111 125 116 109 78 165 63 83 169 174 100 95 102 116 125 108 173 177 166 66 128 120 159 108 140 102 140 145 61 104 138 144 123 164 174 138 138 112 107 100 128 67 177 169 105 179 145 131 140 60 77 64 86 79 159 138 109 157 86 95 65 164 152 123 71
126 86 132 168 111 104 74 101 174 73 125 0 92 174 131 155 127 67 96 69 162 68 111 74 126 125 121 127 126 129 117 86 168 143 124 71 141 137 119 74 131 115 69 69 126 110 73 76 119 68 146 101 129 132 74 97 74 67 137 76 86 121 74 96 96 133 133 117 147 68 133 74 117 129 124 127 85 179 111 66 131 65 155 74 74 0 173 170 68 86 74 97 67 173 125 125 86 95 147 121 90 67 157 60 141 98 136 71 147 121 157 63 178 0 68 68 65 66 85 176 167 176 85 174 138 71 143 126 146 102 76 69 127 110 67 129 141 104 133 127 123 179 0 124 76 117 133 147 74 82 67 110 71 119 177 157 117 124 133 69 173 137 110 76 167 147 74 110 97 179 133 92 68 127 173 159 133 127 133 90 147 176 133 101 86 130 119 98 147 86 125 130 125 67 65 121 133 92 65 76 111 62 179 96 137 179 133 76 119 174 129 121 146 119 73 137 133 68 126 92 141 74 76 133 0 67 76 76 82 173 101 159 173 133 92 151 0 147 104 88 97 129 117 119 141 146 119 77 147 76 104 131 143 121 111 71 156 83 104 132 77 136 65 82 162 75 159 63 123 141 75 75 97 176 146 127 170 143 119 98 167 65 124 66 90 71 96 179 155 83 75 104 177 62 119 168 123 74 63 68
81 140 148 69 102 108 76 110 122 154 136 92 0 122 177 80 95 93 153 146 151 160 146 130 81 136 116 132 81 85 151 140 120 131 173 172 167 97 152 76 177 110 146 146 72 177 154 76 146 160 100 110 85 148 73 94 73 93 97 76 140 103 130 153 153 155 154 151 124 121 128 130 135 85 173 132 148 153 102 110 177 130 80 110 130 92 108 151 160 140 110 122 93 123 136 136 140 125 151 103 165 136 103 140 167 145 145 78 151 103 103 173 65 92 166 121 161 110 148 151 144 151 148 134 60 172 131 72 100 92 76 146 132 177 136 85 167 175 128 132 99 153 92 173 76 151 155 124 110 84 93 177 172 152 75 103 135 173 128 146 108 97 177 76 144 151 76 177 122 153 154 0 166 132 108 70 154 95 128 165 151 151 128 110 140 118 146 145 124 140 136 118 136 136 62 103 154 0 161 106 102 135 153 153 97 153 155 145 152 134 85 116 100 152 154 127 154 160 81 0 167 110 76 155 92 136 76 145 84 108 110 70 108 154 0 129 92 124 175 155 122 85 135 152 167 100 146 63 124 106 108 177 131 116 102 78 154 107 108 148 63 145 62 84 151 127 70 173 99 167 127 127 94 151 100 95 151 131 152 145 144 62 173 110 165 172 153 153 80 107 127 175 64 63 146 120 99 73 173 166
87 178 174 71 154 125 179 134 0 116 118 174 122 0 176 79 99 101 93 140 135 117 137 102 87 118 148 105 87 123 141 178 152 137 66 92 130 71 102 179 176 84 140 140 77 61 116 160 143 117 82 134 123 174 155 163 155 101 71 160 178 89 102 93 93 119 105 141 165 82 84 102 90 123 66 105 144 103 154 135 176 154 79 64 102 174 112 126 117 178 64 175 101 157 118 118 178 170 146 89 93 168 101 115 130 140 73 95 146 89 101 109 79 174 138 82 175 135 144 97 165 97 144 70 149 92 137 77 82 144 160 140 105 61 168 123 130 139 84 105 162 103 174 66 160 141 119 165 64 122 101 61 92 102 175 101 90 66 84 140 112 71 61 160 165 146 179 61 175 103 105 122 138 105 112 117 105 99 84 93 146 97 84 134 178 121 143 140 165 178 118 121 118 168 160 89 105 122 175 160 154 143 103 93 71 103 119 170 102 70 123 148 82 102 116 65 105 117 87 122 130 64 160 119 174 168 160 170 122 112 134 117 112 105 122 70 174 165 139 140 175 123 90 102 130 82 143 80 165 160 125 176 137 148 154 95 101 154 125 174 80 73 160 122 135 110 117 109 162 130 110 110 163 97 82 99 126 137 102 140 165 160 66 135 93 92 93 103 79 154 110 139 166 141 143 152 162 155 109 138
64 93 88 166 83 85 92 78 176 89 173 131 177 176 0 152 149 161 68 174 64 137 167 63 64 173 163 167 64 147 103 93 65 166 142 120 143 71 61 92 0 113 174 174 130 121 89 91 78 137 159 78 147 88 135 127 135 161 71 91 93 129 63 68 68 98 175 103 144 117 161 63 127 147 142 167 165 63 83 154 0 80 152 128 63 131 61 120 137 93 128 123 161 100 173 173 93 71 74 129 107 85 127 96 143 142 171 107 74 129 127 143 155 131 65 117 114 154 165 122 67 122 165 169 65 120 166 130 159 107 91 174 167 121 85 147 143 90 161 167 106 63 131 142 91 103 98 144 128 156 161 121 120 61 109 127 127 142 161 174 61 71 121 91 67 74 92 121 123 63 175 177 65 167 61 101 175 149 161 107 74 122 161 78 93 100 78 142 144 93 173 100 173 85 144 129 175 177 114 174 83 88 63 68 71 63 98 161 61 169 147 163 159 61 89 116 175 137 64 177 143 128 91 98 131 85 91 161 156 61 78 101 61 175 177 98 131 144 90 68 123 147 127 61 143 159 78 98 144 174 85 0 166 163 83 107 130 121 85 88 98 171 144 156 64 82 101 143 106 143 82 82 127 122 159 149 120 166 61 142 67 144 142 154 107 120 68 63 152 121 82 90 130 105 78 65 106 135 143 65
151 159 128 82 89 136 86 170 79 94 79 155 80 79 152 0 98 103 66 109 100 74 121 150 151 79 79 119 151 163 165 159 138 179 103 126 93 91 137 86 152 79 109 109 68 78 94 171 66 74 118 170 163 128 156 172 156 103 91 171 159 175 150 66 66 171 151 165 159 125 133 150 148 163 103 119 153 98 89 140 152 78 0 176 150 155 73 117 74 159 176 93 103 116 79 79 159 68 95 175 72 89 116 119 93 103 96 132 95 175 116 92 92 155 107 125 122 140 153 106 171 106 153 137 124 126 179 68 118 138 171 109 119 78 89 163 93 86 133 119 123 98 155 103 171 165 171 159 176 138 103 78 126 137 116 116 148 103 133 109 73 91 78 171 171 95 86 78 93 98 151 80 107 119 73 127 151 98 133 72 95 106 133 170 159 81 66 103 159 159 79 81 79 89 145 175 151 80 122 106 89 160 98 66 91 98 171 74 137 137 163 79 118 137 94 108 151 74 151 80 93 176 171 171 155 89 171 74 138 73 170 127 73 151 80 114 155 159 86 100 93 163 148 137 93 118 66 160 159 106 136 152 179 79 89 132 87 63 136 128 160 96 145 138 100 116 127 92 123 93 116 116 172 106 118 98 117 179 137 103 171 145 103 140 72 126 66 98 0 63 116 86 128 153 66 138 123 156 92 107
97 159 116 95 86 84 119 149 99 115 128 127 95 99 149 98 0 141 82 157 63 68 106 171 97 128 86 124 97 116 139 159 168 166 158 72 171 84 162 119 149 172 157 157 90 138 115 118 111 68 136 149 116 116 82 135 82 141 84 118 159 110 171 82 82 162 141 139 111 116 145 171 67 116 158 124 107 148 86 62 149 67 98 85 171 127 147 107 68 159 85 177 141 161 128 128 159 125 117 110 150 138 91 78 171 114 94 84 117 110 91 80 106 127 119 116 134 62 107 140 79 140 107 102 151 72 166 90 136 125 118 157 124 138 138 116 171 74 145 124 145 148 127 158 118 139 162 111 85 143 141 138 72 162 143 91 67 158 145 157 147 84 138 118 79 117 119 138 177 148 141 95 119 124 147 110 141 0 145 150 117 140 145 149 159 76 111 114 111 159 128 76 128 138 141 110 141 95 134 142 86 97 148 82 84 148 162 89 162 102 116 86 136 162 115 102 141 68 97 95 171 85 118 162 127 138 118 89 143 147 149 110 147 141 95 173 127 111 74 167 177 116 67 162 171 136 111 146 111 142 84 149 166 86 86 84 176 155 84 116 146 94 141 143 63 128 110 80 145 171 128 128 135 140 136 0 107 166 162 114 79 141 158 62 150 72 82 148 98 155 128 74 159 137 111 168 145 82 80 119
113 68 100 169 90 106 170 63 101 106 102 67 93 101 161 103 141 0 118 151 170 101 60 179 113 102 80 125 113 172 118 68 111 94 121 72 137 119 102 170 161 86 151 151 144 83 106 123 126 101 91 63 172 100 150 146 150 0 119 123 68 101 179 118 118 147 127 118 175 83 116 179 134 172 121 125 92 79 90 154 161 159 103 102 179 67 61 111 101 68 102 102 0 146 102 102 68 179 126 101 138 140 102 157 137 162 144 72 126 101 102 79 93 67 144 83 121 154 92 144 131 144 92 94 116 72 94 144 91 169 123 151 125 83 140 172 137 165 116 125 158 79 67 121 123 118 147 175 102 75 0 83 72 102 143 102 134 121 116 151 61 119 83 123 131 126 170 83 102 79 127 93 144 125 61 127 127 141 116 138 126 144 116 63 68 117 126 162 175 68 102 117 102 140 178 101 127 93 121 173 90 116 79 118 119 79 147 167 102 94 172 80 91 102 106 82 127 101 113 93 137 102 123 147 67 140 123 167 75 61 63 127 61 127 93 97 67 175 165 147 102 172 134 102 137 91 126 164 175 173 106 161 94 80 90 72 162 124 106 100 164 144 178 75 170 94 127 79 158 137 94 94 146 144 91 141 111 94 102 162 131 178 121 154 138 72 118 79 103 124 94 165 164 90 126 111 158 150 79 144
84 95 175 157 110 116 67 89 93 109 64 96 153 93 68 66 82 118 0 167 74 166 104 153 84 64 65 152 84 70 126 95 65 92 96 101 146 80 164 67 68 109 167 167 138 126 109 88 109 166 172 89 70 175 117 167 117 118 80 88 95 94 153 0 0 156 124 126 77 99 138 153 83 70 96 152 174 100 110 175 68 159 66 161 153 96 85 138 166 95 161 67 118 99 64 64 95 111 121 94 113 64 94 172 146 99 68 156 121 94 94 119 65 96 100 99 179 175 174 87 145 87 174 93 151 101 92 138 172 78 88 167 152 126 64 70 146 117 138 152 108 100 96 96 88 126 156 77 161 113 118 126 101 164 143 94 83 96 138 167 85 80 126 88 145 121 67 126 67 100 124 153 100 152 85 141 124 82 138 113 121 87 138 89 95 63 109 99 77 95 64 63 64 64 80 94 124 153 179 69 110 179 100 0 80 100 156 150 164 93 70 65 172 164 109 84 124 166 84 153 146 161 88 156 96 64 88 150 113 85 89 141 85 124 153 90 96 77 117 141 67 70 83 164 146 172 109 119 77 69 116 68 92 65 110 156 111 92 116 175 119 68 80 113 74 151 141 119 108 146 151 151 167 87 172 82 138 92 164 99 145 80 96 175 113 101 0 100 66 92 151 117 92 87 109 65 108 117 119 100
76 144 154 60 88 177 64 69 140 145 168 69 146 140 174 109 157 151 167 0 104 121 114 131 76 168 121 168 76 149 156 144 129 127 161 146 140 99 126 64 174 71 0 0 88 129 145 147 99 121 81 69 149 154 132 127 132 151 99 147 144 66 131 167 167 164 103 156 114 159 70 131 107 149 161 168 75 154 88 85 174 171 109 100 131 69 124 103 121 144 100 169 151 61 168 168 144 133 86 66 131 116 93 76 140 143 173 169 86 66 93 154 129 69 107 159 103 85 75 168 175 168 75 81 160 146 127 88 81 84 147 0 168 129 116 149 140 170 70 168 82 154 69 161 147 156 164 114 100 85 151 129 146 126 135 93 107 161 70 0 124 99 129 147 175 86 64 129 169 154 103 146 107 168 124 141 103 157 70 131 86 168 70 69 144 90 99 143 114 144 168 90 168 116 143 66 103 146 103 159 88 103 154 167 99 154 164 161 126 81 149 121 81 126 145 121 103 121 76 146 140 100 147 164 69 116 147 161 85 124 69 141 124 103 146 69 69 114 170 132 169 149 107 126 140 81 99 110 114 159 177 174 127 121 88 169 103 140 177 154 110 173 143 85 104 74 141 154 82 140 74 74 127 168 81 157 103 127 126 143 175 143 161 85 131 146 167 154 109 140 74 170 135 118 99 129 82 132 154 107
176 71 179 128 94 162 60 78 135 62 104 162 151 135 64 100 63 170 74 104 0 69 100 65 176 104 162 78 176 120 137 71 98 137 120 163 132 135 161 60 64 126 104 104 81 149 62 144 171 69 73 78 120 179 160 149 160 170 135 144 71 75 65 74 74 151 84 137 71 90 79 65 82 120 120 78 131 171 94 149 64 107 100 158 65 162 110 68 69 71 158 134 170 120 104 104 71 106 112 75 147 86 66 116 132 132 152 76 112 75 66 165 103 162 168 90 171 149 131 129 167 129 131 61 178 163 137 81 73 158 144 104 78 149 86 120 132 150 79 78 88 171 162 120 144 137 151 71 158 108 170 149 163 161 172 66 82 120 79 104 110 135 149 144 167 112 60 149 134 171 84 151 168 78 110 120 84 63 79 147 112 129 79 78 71 88 171 132 71 71 104 88 104 86 145 75 84 151 171 176 94 87 171 74 135 171 151 158 161 61 120 162 73 161 62 76 84 69 176 151 132 158 144 151 162 86 144 158 108 110 78 120 110 84 151 80 162 71 150 92 134 120 82 161 132 73 171 158 71 176 162 64 137 162 94 76 115 74 162 179 158 152 145 108 0 81 120 165 88 132 81 81 149 129 73 63 68 137 161 132 167 145 120 149 147 163 74 171 100 74 81 150 67 140 171 98 88 160 165 168
142 159 170 178 85 91 98 167 117 161 101 68 160 117 137 74 68 101 166 121 69 0 66 168 142 101 177 76 142 96 85 159 60 111 177 143 107 163 172 98 137 103 121 121 154 97 161 102 159 0 141 167 96 170 161 110 161 101 163 102 159 136 168 166 166 134 109 85 169 75 155 168 159 96 177 76 79 137 85 66 137 90 74 130 168 68 97 93 0 159 130 109 101 122 101 101 159 81 65 136 128 120 99 159 107 73 75 139 65 136 99 110 151 68 98 75 64 66 79 170 178 170 79 105 122 143 111 154 141 67 102 121 76 97 120 96 107 61 155 76 101 137 68 177 102 85 134 169 130 72 101 97 143 172 168 99 159 177 155 121 97 163 97 102 178 65 98 97 109 137 109 160 98 76 97 151 109 68 155 128 65 170 155 167 159 145 159 73 169 159 101 145 101 120 75 136 109 160 64 135 85 100 137 166 163 137 134 70 172 105 96 177 141 172 161 121 109 0 142 160 107 130 102 134 68 120 102 70 72 97 167 151 97 109 160 85 68 169 61 120 109 96 159 172 107 141 159 142 169 135 91 137 111 177 85 139 82 62 91 170 142 75 75 72 69 61 151 110 101 107 61 61 110 170 141 68 93 111 172 73 178 75 177 66 128 143 166 137 74 62 61 61 97 170 159 60 101 161 110 98
99 123 98 113 94 99 174 113 137 66 166 111 146 137 167 121 106 60 104 114 100 66 0 163 99 166 103 176 99 139 135 123 147 155 115 176 134 137 162 174 167 60 114 114 135 161 66 163 177 66 74 113 139 98 64 117 64 60 137 163 123 126 163 104 104 160 62 135 176 178 122 163 63 139 115 176 73 157 94 127 167 140 121 170 163 111 110 153 66 123 170 110 60 132 166 166 123 71 97 126 139 129 82 160 134 61 149 68 97 126 82 83 125 111 87 178 102 127 73 176 72 176 73 174 86 176 155 135 74 146 163 114 176 161 129 139 134 101 122 176 151 157 111 115 163 135 160 176 170 75 60 161 176 162 162 82 63 115 122 114 110 137 161 163 72 97 174 161 110 157 62 146 87 176 110 61 62 106 122 139 97 176 122 113 123 79 177 61 176 123 166 79 166 129 145 126 62 146 102 106 94 67 157 104 137 157 160 88 162 174 139 103 74 162 66 164 62 66 99 146 134 170 163 160 111 129 163 88 75 110 113 61 110 62 146 89 111 176 101 97 110 139 63 162 134 74 177 113 176 106 99 167 155 103 94 68 119 105 99 98 113 149 145 75 100 72 61 83 151 134 72 72 117 176 74 106 153 155 162 61 72 145 115 127 139 176 104 157 121 105 72 101 81 148 177 147 151 64 83 87
79 76 109 160 119 106 157 83 102 119 105 74 130 102 63 150 171 179 153 131 65 168 163 0 79 105 166 101 79 99 98 76 141 61 177 175 108 62 104 157 63 138 131 131 179 63 119 87 75 168 171 83 99 109 175 98 175 179 62 87 76 129 0 153 153 135 141 98 176 162 83 0 122 99 177 101 106 90 119 175 63 159 150 115 0 74 104 118 168 76 115 66 179 97 105 105 76 162 165 129 86 68 67 117 108 127 68 179 165 129 67 82 115 74 133 162 87 175 106 93 123 93 106 166 81 175 61 179 171 154 87 131 101 63 68 99 108 102 83 101 89 90 74 177 87 98 135 176 115 63 179 63 175 104 89 67 122 177 83 131 104 62 63 87 123 165 157 63 66 90 141 130 133 101 104 76 141 171 83 86 165 93 83 83 76 108 75 127 176 76 105 108 105 68 139 129 141 130 87 107 119 176 90 153 62 90 135 107 104 166 99 166 171 104 119 170 141 168 79 130 108 115 87 135 74 68 87 107 63 104 83 76 104 141 130 170 74 176 102 126 66 99 122 104 108 171 75 162 176 107 106 63 61 166 119 179 159 176 106 109 162 68 139 63 65 158 76 82 89 108 158 158 98 93 171 171 118 61 104 127 123 139 177 175 86 175 153 90 150 176 158 102 91 162 75 141 89 175 82 133
0 63 176 144 151 138 141 175 87 125 173 126 81 87 64 151 97 113 84 76 176 142 99 79 0 173 137 143 0 108 179 63 123 82 66 65 142 93 78 141 64 171 76 76 101 74 125 145 170 142 167 175 108 176 120 102 120 113 93 145 63 158 79 84 84 131 83 179 150 78 91 79 143 108 66 143 151 94 151 99 64 62 151 133 79 126 132 88 142 63 133 100 113 117 173 173 63 141 136 158 155 77 117 61 142 80 89 137 136 158 117 173 171 126 164 78 143 99 151 82 136 82 151 159 108 65 82 101 167 96 145 76 143 74 77 108 142 171 91 143 103 94 126 66 145 179 131 150 133 102 113 74 65 78 77 117 143 66 91 76 132 93 74 145 136 136 141 74 100 94 83 81 164 143 132 131 83 97 91 155 136 82 91 175 63 110 170 80 150 63 173 110 173 77 174 158 83 81 143 147 151 160 94 84 93 94 131 147 78 159 108 137 167 78 125 105 83 142 0 81 142 133 145 131 126 77 145 147 102 132 175 131 132 83 81 104 126 150 171 81 100 108 143 78 142 167 170 118 150 147 138 64 82 137 151 137 122 68 138 176 118 89 174 102 176 81 131 173 103 142 81 81 102 82 167 97 88 82 78 80 136 174 66 99 155 65 84 94 151 68 81 171 134 128 170 123 103 120 173 164
173 119 140 115 66 108 158 66 118 158 0 125 136 118 173 79 128 102 64 168 104 101 166 105 173 0 166 128 173 63 90 119 65 177 131 77 174 155 169 158 173 62 168 168 124 94 158 81 95 101 100 66 63 140 152 112 152 102 155 81 119 114 105 64 64 111 72 90 116 119 82 105 83 63 131 128 110 86 66 140 173 83 79 124 105 125 71 67 101 119 124 165 102 89 0 0 119 132 158 114 60 162 166 120 174 105 140 128 158 114 166 123 80 125 71 119 109 140 110 107 179 107 110 103 145 77 177 124 100 76 81 168 128 94 162 63 174 109 82 128 164 86 125 131 81 90 111 116 124 61 102 94 77 169 163 166 83 131 82 168 71 155 94 81 179 158 158 94 165 86 72 136 71 128 71 144 72 128 82 60 158 107 82 66 119 179 95 105 116 119 0 179 0 162 145 114 72 136 109 125 66 123 86 64 155 86 111 145 169 103 63 166 100 169 158 129 72 101 173 136 174 124 81 111 125 162 81 145 61 71 66 144 71 72 136 111 125 116 109 78 165 63 83 169 174 100 95 102 116 125 108 173 177 166 66 128 120 159 108 140 102 140 145 61 104 138 144 123 164 174 138 138 112 107 100 128 67 177 169 105 179 145 131 140 60 77 64 86 79 159 138 109 157 86 95 65 164 152 123 71
137 90 124 90 137 151 113 101 148 72 166 121 116 148 163 79 86 80 65 121 162 177 103 166 137 166 0 79 137 141 145 90 146 105 88 132 139 161 150 113 163 120 121 121 144 64 72 67 60 177 94 101 141 124 150 93 150 80 161 67 90 109 166 65 65 141 161 145 130 138 174 166 110 141 88 79 97 91 137 160 163 174 79 179 166 121 107 152 177 90 179 150 80 122 166 166 90 137 175 109 67 170 157 79 139 161 89 153 175 109 157 76 156 121 150 138 87 160 97 177 121 177 97 170 169 132 105 144 94 149 67 121 79 64 170 141 139 96 174 79 117 91 121 88 67 145 141 130 179 132 80 64 132 150 99 157 110 88 174 121 107 161 64 67 121 175 113 64 150 91 161 116 150 79 107 87 161 86 174 67 175 177 174 101 90 76 60 161 130 90 166 76 166 170 176 109 161 116 87 165 137 65 91 65 161 91 141 84 150 170 141 0 94 150 72 158 161 177 137 116 139 179 67 141 121 170 67 84 132 107 101 87 107 161 116 110 121 130 96 177 150 141 110 150 139 94 60 166 130 165 151 163 105 0 137 153 130 150 151 124 166 89 176 132 162 128 87 76 117 139 128 128 93 177 94 86 152 105 150 161 121 176 88 160 67 132 65 91 79 150 128 96 148 131 60 146 117 150 76 150
143 140 139 102 61 160 153 160 105 130 128 127 132 105 167 119 124 125 152 168 78 76 176 101 143 128 79 0 143 156 179 140 96 134 161 141 168 179 67 153 167 173 168 168 106 178 130 123 127 76 60 160 156 139 107 67 107 125 179 123 140 76 101 152 152 97 135 179 107 71 68 101 93 156 161 0 82 114 61 66 167 96 119 64 101 127 144 105 76 140 64 70 125 96 128 128 140 60 124 76 132 69 123 62 168 150 62 73 124 76 123 148 165 127 137 71 171 66 82 121 79 121 82 172 93 141 134 106 60 125 123 168 0 178 69 156 168 124 68 0 163 114 127 161 123 179 97 107 64 176 125 178 141 67 112 123 93 161 68 168 144 179 178 123 79 124 153 178 70 114 135 132 137 0 144 156 135 124 68 132 124 121 68 160 140 121 127 150 107 140 128 121 128 69 144 76 135 132 171 148 61 112 114 152 179 114 97 108 67 172 156 79 60 67 130 118 135 76 143 132 168 64 123 97 127 69 123 108 176 144 160 156 144 135 132 163 127 107 124 107 70 156 93 67 168 60 127 158 107 148 160 167 134 79 61 73 89 88 160 139 158 62 144 176 78 100 156 148 163 168 100 100 67 121 60 124 105 134 67 150 79 144 161 66 132 141 152 114 119 88 100 124 127 114 127 96 163 107 148 137
0 63 176 144 151 138 141 175 87 125 173 126 81 87 64 151 97 113 84 76 176 142 99 79 0 173 137 143 0 108 179 63 123 82 66 65 142 93 78 141 64 171 76 76 101 74 125 145 170 142 167 175 108 176 120 102 120 113 93 145 63 158 79 84 84 131 83 179 150 78 91 79 143 108 66 143 151 94 151 99 64 62 151 133 79 126 132 88 142 63 133 100 113 117 173 173 63 141 136 158 155 77 117 61 142 80 89 137 136 158 117 173 171 126 164 78 143 99 151 82 136 82 151 159 108 65 82 101 167 96 145 76 143 74 77 108 142 171 91 143 103 94 126 66 145 179 131 150 133 102 113 74 65 78 77 117 143 66 91 76 132 93 74 145 136 136 141 74 100 94 83 81 164 143 132 131 83 97 91 155 136 82 91 175 63 110 170 80 150 63 173 110 173 77 174 158 83 81 143 147 151 160 94 84 93 94 131 147 78 159 108 137 167 78 125 105 83 142 0 81 142 133 145 131 126 77 145 147 102 132 175 131 132 83 81 104 126 150 171 81 100 108 143 78 142 167 170 118 150 147 138 64 82 137 151 137 122 68 138 176 118 89 174 102 176 81 131 173 103 142 81 81 102 82 167 97 88 82 78 80 136 174 66 99 155 65 84 94 151 68 81 171 134 128 170 123 103 120 173 164
108 176 103 151 173 76 106 123 123 110 63 129 85 123 147 163 116 172 70 149 120 96 139 99 108 63 141 156 108 0 153 176 155 178 104 101 171 82 99 106 147 161 149 149 102 174 110 82 74 96 72 123 0 103 103 100 103 172 82 82 176 67 99 70 70 151 131 153 119 113 164 99 76 0 104 156 84 107 173 179 147 135 163 123 99 129 87 87 96 176 123 139 172 83 63 63 176 175 169 67 177 63 144 129 171 147 117 62 169 67 144 163 66 129 174 113 163 179 84 123 135 123 84 110 93 101 178 102 72 67 82 149 156 174 63 0 171 169 164 156 112 107 129 104 82 153 151 119 123 131 172 174 101 99 167 144 76 104 164 149 87 82 174 82 135 169 106 174 139 107 131 85 174 156 87 166 131 116 164 177 169 123 164 123 176 106 74 147 119 176 63 106 63 63 142 67 131 85 163 102 173 70 107 70 82 107 151 176 99 110 0 141 72 99 110 145 131 96 108 85 171 123 82 151 129 63 82 176 131 87 123 166 87 131 85 69 129 119 169 83 139 0 76 99 171 72 74 66 119 102 76 147 178 141 173 62 130 78 76 103 66 117 142 131 120 72 166 163 112 171 72 72 100 123 72 116 87 178 99 147 135 142 104 179 177 101 70 107 163 78 72 169 72 128 74 155 112 103 163 174
179 121 62 177 151 164 108 97 141 123 90 117 151 141 103 165 139 118 126 156 137 85 135 98 179 90 145 179 179 153 0 121 95 103 94 178 69 133 108 108 103 154 156 156 113 149 123 138 146 85 88 97 153 62 165 112 165 118 133 138 121 109 98 126 126 143 170 0 129 122 60 98 158 153 94 179 99 138 151 122 103 174 165 144 98 117 94 152 85 121 144 145 118 94 90 90 121 155 129 109 96 114 151 150 69 157 78 111 129 109 151 84 135 117 102 122 65 122 99 178 75 178 99 167 155 178 103 113 88 152 138 156 179 149 114 153 69 141 60 179 125 138 117 94 138 0 143 129 144 160 118 149 178 108 128 151 158 94 60 156 94 133 149 138 75 129 108 149 145 138 170 151 102 179 94 99 170 139 60 96 129 178 60 97 121 81 146 157 129 121 90 81 90 114 84 109 170 151 65 84 151 71 138 126 133 138 143 88 108 167 153 145 88 108 123 66 170 85 179 151 69 144 138 143 117 114 138 88 160 94 97 99 94 170 151 74 117 129 141 61 145 153 158 108 69 88 146 81 129 84 164 103 103 145 151 111 177 90 164 62 81 78 84 160 137 176 99 84 125 69 176 176 112 178 88 139 152 103 108 157 75 84 94 122 96 178 126 138 165 90 176 141 158 92 146 95 125 165 84 102
63 0 62 176 156 118 128 62 178 95 119 86 140 178 93 159 159 68 95 144 71 159 123 76 63 119 90 140 63 176 121 0 67 170 90 151 94 173 145 128 93 118 144 144 130 119 95 139 107 159 80 62 176 62 130 141 130 68 173 139 0 90 76 95 95 86 155 121 77 95 73 76 177 176 90 140 118 174 156 129 93 167 159 169 76 86 91 108 159 0 169 170 68 162 119 119 0 77 126 90 153 97 157 90 94 123 96 159 126 90 157 136 150 86 83 95 142 129 118 85 90 85 118 166 135 151 170 130 80 108 139 144 140 119 97 176 94 89 73 140 157 174 86 90 139 121 86 77 169 127 68 119 151 145 96 157 177 90 73 144 91 173 119 139 90 126 128 119 170 174 155 140 83 140 91 124 155 159 73 153 126 85 73 62 0 129 107 123 77 0 119 129 119 97 112 90 155 140 142 86 156 137 174 95 173 174 86 167 145 166 176 90 80 145 95 171 155 159 63 140 94 169 139 86 86 97 139 167 127 91 62 124 91 155 140 149 86 77 89 174 170 176 177 145 94 80 107 70 77 86 118 93 170 90 156 159 110 76 118 62 70 96 112 127 71 160 124 136 157 94 160 160 141 85 80 159 108 170 145 123 90 112 90 129 153 151 95 174 159 76 160 89 89 84 107 67 157 130 136 83
123 67 97 65 65 172 128 115 152 77 65 168 120 152 65 138 168 111 65 129 98 60 147 141 123 65 146 96 123 155 95 67 0 124 67 64 148 98 156 128 65 93 129 129 99 129 77 91 67 60 122 115 155 97 145 112 145 111 98 91 67 79 141 65 65 112 164 95 83 107 172 141 104 155 67 96 95 104 65 134 65 64 138 161 141 168 163 108 60 67 161 142 111 142 65 65 67 106 142 79 123 65 132 104 148 87 138 87 142 79 132 74 161 168 113 107 171 134 95 110 166 110 95 73 101 64 124 99 122 70 91 129 96 129 65 155 148 96 172 96 94 104 168 67 91 95 112 83 161 122 111 129 64 156 90 132 104 67 172 129 163 98 129 91 166 142 128 129 142 104 164 120 113 96 163 177 164 168 172 123 142 110 172 115 67 147 67 87 83 67 65 147 65 65 123 79 164 120 171 112 65 79 104 65 98 104 112 87 156 73 155 146 122 156 77 137 164 60 123 120 148 161 91 112 168 65 91 87 122 163 115 177 163 164 120 155 168 83 96 166 142 155 104 156 148 122 67 108 83 112 172 65 124 146 65 87 150 152 172 97 108 138 123 122 98 106 177 74 94 148 106 106 112 110 122 168 108 124 156 87 166 123 67 134 123 64 65 104 138 152 106 96 165 106 67 0 94 145 74 113
